%YAML:1.0

#image resolution
Width: 640
Height: 480

#camera intrinsics and extrinsic with respect to imu
Cam0_model: FISHEYE
#fx, fy, cx, cy
Cam0_k: [291.54505562038647, 291.56745234698885, 320.80819942746157, 238.94192558493493]
#k1, k2, p1, p2
Cam0_d: [0.16246557009625216, -0.21363650338016156, 0.16310317950005238, -0.03598619764765833, 0.0]
# c0 to imu
C0toI: [0.9993645, -0.0336314, -0.0118146, -0.02459365653970384, -0.0329286, -0.9979241,  0.0553458, -0.009962706763376251, -0.0136515, -0.0549216, -0.9983974, -0.006800216436062905] #euric axis

#imu noise
ImuFrequency: 878
GyroNoise: 0.00006887
AccNoise: 0.00052427
GyroWalk: 0.00000368
AccWalk: 0.00005122

#time offset
ImuCamTimeOffset: -1.178804
Tag: "maxpro-default"